init=[

];





init=[-1.28820536200072
-0.0121520578582965
0.225464611396688
-0.0487910328855658
-0.000150352395557694
4.04571042327337e-05
-1.28820536200072
-0.0114895907684725
-0.216390493096367
0.00684525367568615
-0.000150398943845581
-3.68599838321048e-05
-0.262950410799630
0.204547146641163
-0.0224936030772316
0.0122011318158665
-0.330891193469519
0.0436468990428369
-0.00500654240804562
0.330891193469519
-0.0436468990428369
-1.94839110522038
-0.0184602368383125
0.510615225056000
-0.0732454971226531
-0.000150992495653414
0.000139615381145214
-1.94839110522024
-0.0169443722814704
-0.481389850128699
0.0101851953956975
-0.000151129598263535
-0.000126099031918609
-0.397708514984225
0.199211386394378
-0.0360502847473405
0.0187970651514025
-0.492080814091616
0.0989160263927390
-0.00809887768131924
0.492080814091616
-0.0989160263927390
-2.62814384541271
-0.0250240098141068
0.915587615049099
-0.0976741214745324
-0.000151947984302107
0.000341864793300419
-2.62814384541271
-0.0222654707754576
-0.849654228585815
0.0135173407758340
-0.000152220386668921
-0.000304061746622756
-0.536460663941410
0.192544856456979
-0.0493169693205304
0.0256988359980875
-0.647783383691646
0.177602222300521
-0.0116177561550115
0.647783383691646
-0.177602222300521
-3.33500232795794
-0.0319299730357359
1.44589820342185
-0.122059140498100
-0.000153309769800329
0.000695484125843863
-3.33500232795794
-0.0274886342752735
-1.32368760229362
0.0168399190153438
-0.000153724483059747
-0.000607856421943571
-0.680745677686266
0.184463716149839
-0.0622552096678732
0.0328909791503439
-0.795514056153502
0.281029425311397
-0.0156022513397631
0.795514056153502
-0.281029425311397
-4.07798429915527
-0.0392794614154777
2.10884667077455
-0.146375218575092
-0.000155227985133233
0.00126188510556052
-4.07798429915371
-0.0326438842856562
-1.90920765786618
0.0201505859969367
-0.000155706083206129
-0.00108320927099737
-0.832404272119772
0.174844620916322
-0.0748016944154900
0.0403584616530664
-0.932122753685129
0.410971861025365
-0.0201063910253317
0.932122753685129
-0.410971861025365
-4.86860794077588
-0.0471957139670186
2.91414874638453
-0.170586001996684
-0.000157941829840844
0.00212204272527431
-4.86860794077589
-0.0377559333291883
-2.61604842371866
0.0234454964845414
-0.000158241797974482
-0.00178954522617605
-0.993787555783085
0.163512988767998
-0.0868596828026346
0.0480849384560329
-1.05343085169104
0.569758576655934
-0.0252053364974310
1.05343085169104
-0.569758576655934
-5.72267946516766
-0.0558347569604822
3.87518767842883
-0.194638016705320
-0.000161831986751440
0.00338725029643651
-5.72267946516766
-0.0428437112226453
-3.45989464561694
0.0267174239857653
-0.000161421395079732
-0.00280855230235551
-1.16812191644922
0.150219485799899
-0.0982842023666309
0.0560501477505295
-1.15360140686314
0.760450319026481
-0.0310064980332220
1.15360140686314
-0.760450319026481
-6.66377916130629
-0.0654030165082197
5.01142107770569
-0.218448554102302
-0.000167518697603568
0.00521888820302287
-6.66377916130628
-0.0479179070047853
-4.46564847925903
0.0299512008237135
-0.000165344968261843
-0.00426019817992009
-1.36022059807458
0.134591593725634
-0.108853363501154
0.0642247131217688
-1.22392172322856
0.987129469261700
-0.0376708342011533
1.22392172322856
-0.987129469261700
-7.73091256427160
-0.0761863268701771
6.35298279919884
-0.241878208512918
-0.000176063878105018
0.00786895558594153
-7.73091256427161
-0.0529720541570392
-5.67435532274869
0.0331109970249726
-0.000170104261855171
-0.00633640148905507
-1.57804546898797
0.116026259801710
-0.118203295419613
0.0725566246590452
-1.25013647684760
1.25533061301820
-0.0454573161328726
1.25013647684760
-1.25533061301820
    -6.14823279950769e-16
-5.86803242528848e-15
-4.66061047493486e-14
-0.295575160872230
-0.000149853267135592
-1.31705576545496e-16
-6.14812904938069e-16
-5.86696396878503e-15
4.90424420319224e-14
-0.295575160872230
-0.000149853267135592
-1.31705576559270e-16
-1.25496592959609e-16
0.151028754800019
0.00543056249999994
0.110249999999999
-6.64157603152984e-16
7.09975777720534e-17
-0.110249999999999
6.64157603152984e-16
-7.09975777720534e-17
    -3.25050285091379e-16
-8.77807188264573e-17
-1.05180675326317e-14
-0.0632197912069634
-0.000149853267135620
-2.83169356199405e-17
-3.25050380266367e-16
-8.75270179992056e-17
1.05853157920285e-14
-0.0632197912069634
-0.000149853267135620
-2.83167471705082e-17
-6.63497268514591e-17
0.198457481389148
0.00543056249999987
0.0236249999999997
1.92677633925408e-16
5.63666082195185e-17
-0.0236249999999997
-1.92677633925408e-16
-5.63666082195185e-17
-3.80783646844236e-16
-2.40844329283797e-17
-1.40439098017928e-14
-0.0843430066310786
-0.000149853267135617
-3.77156729517084e-17
-3.80783816839493e-16
-2.37459281042974e-17
1.40931578458999e-14
-0.0843430066310786
-0.000149853267135617
-3.77157036097530e-17
-7.77261317887092e-17
0.194145778971954
0.00543056249999995
0.0314999999999996
4.04456392904982e-16
7.67332779953965e-17
-0.0314999999999996
-4.04456392904982e-16
-7.67332779953965e-17
-7.67220832541285e-16
-1.72683200523099e-18
-1.75480535861158e-14
-0.105466222055194
-0.000149853267135615
-4.71144412213241e-17
-7.67220878977501e-16
-1.30515889370669e-18
1.75728090665530e-14
-0.105466222055194
-0.000149853267135615
-4.71144812439859e-17
-1.56606273298949e-16
0.189834076554761
0.00543056249999999
0.0393749999999995
2.58338344930560e-16
9.91181006247568e-17
-0.0393749999999995
-2.58338344930560e-16
-9.91181006247568e-17
-7.75847143194312e-16
-3.69846079707192e-17
-2.10513101664182e-14
-0.126589437479309
-0.000149853267135612
-5.65142422618549e-17
-7.75847331922941e-16
-3.64775369347127e-17
2.11196140249291e-14
-0.126589437479309
-0.000149853267135612
-5.65138652277060e-17
-1.58367065168286e-16
0.185522374137567
0.00543056249999997
0.0472499999999993
2.48846968818411e-16
1.20765239110254e-16
-0.0472499999999994
-2.48846968818411e-16
-1.20765239110254e-16
-2.08029748905963e-16
-3.86866889063710e-17
-2.45847950282123e-14
-0.147712652903424
-0.000149853267135610
-6.59128117841786e-17
-2.08029890072618e-16
-3.80958189236036e-17
2.45895124177191e-14
-0.147712652903424
-0.000149853267135610
-6.59128111970248e-17
-4.24633503127937e-17
0.181210671720373
0.00543056249999999
0.0551249999999992
-2.25289972423991e-16
1.44862950378393e-16
-0.0551249999999992
2.25289972423991e-16
-1.44862950378393e-16
2.00609244289664e-16
-3.97970667117746e-17
-2.80596610982770e-14
-0.168835868327539
-0.000149853267135607
-7.53113199829262e-17
2.00609081070647e-16
-3.91218003143905e-17
2.81345497118575e-14
-0.168835868327539
-0.000149853267135607
-7.53113200075518e-17
4.09486760030052e-17
0.176898969303181
0.00543056249999992
0.0629999999999991
2.16673624496146e-16
1.69793289808867e-16
-0.0629999999999991
-2.16673624496146e-16
-1.69793289808867e-16
3.62223370003086e-16
-5.87969721363417e-17
-3.15930239962225e-14
-0.189959083751654
-0.000149853267135605
-8.47107444547946e-17
3.62223287188574e-16
-5.80382406384330e-17
3.15958686170373e-14
-0.189959083751654
-0.000149853267135605
-8.47107442759981e-17
7.39375727877150e-17
0.172587266885987
0.00543056249999993
0.0708749999999990
3.91626635150497e-16
1.96602298048415e-16
-0.0708749999999990
-3.91626635150497e-16
-1.96602298048415e-16
-3.83745819448673e-16
-3.15724884051475e-17
-3.51104235254002e-14
-0.211082299175769
-0.000149853267135602
-9.41097106613791e-17
-3.83746133737694e-16
-3.07273701367704e-17
3.51509243134338e-14
-0.211082299175769
-0.000149853267135602
-9.41097109442083e-17
-7.83307911417143e-17
0.168275564468793
0.00543056249999995
0.0787499999999989
-4.14274320610498e-16
2.22302779214235e-16
-0.0787499999999989
4.14274320610498e-16
-2.22302779214235e-16
-4.44184794193106e-16
-1.19366302772173e-17
-3.86263339842930e-14
-0.232205514599885
-0.000149853267135600
-1.03507761378688e-16
-4.44185137236036e-16
-1.10069759649910e-17
3.86572797509867e-14
-0.232205514599885
-0.000149853267135600
-1.03507761370654e-16
-9.06676971070120e-17
0.163963862051600
0.00543056249999998
0.0866249999999988
-4.80164701078885e-16
2.51278114771820e-16
-0.0866249999999988
4.80164701078885e-16
-2.51278114771820e-16
-1.86937068432697e-15
1.91932930008547e-15
-4.21189005631753e-14
-0.253328730024000
-0.000149853267135597
-1.12907603209787e-16
-1.86936258753232e-15
1.92025852172141e-15
4.00693403787766e-14
-0.253328730024000
-0.000149853267135597
-1.12906849379085e-16
-3.81578747706264e-16
0.159652159634406
0.00543056249999993
0.0944999999999987
1.54983869611680e-16
1.10718193261875e-16
-0.0944999999999987
-1.54983869611680e-16
-1.10718193261875e-16
-1.83320722007140e-15
7.23748238081752e-16
-4.56342441436023e-14
-0.274451945448115
-0.000149853267135595
-1.22307404491279e-16
-1.83320705314602e-15
7.24841159106203e-16
4.55514433708883e-14
-0.274451945448115
-0.000149853267135595
-1.22306609955389e-16
-3.74197016630696e-16
0.155340457217212
0.00543056249999996
0.102374999999999
-8.93706465856848e-16
2.46203177631559e-16
-0.102374999999999
8.93706465856848e-16
-2.46203177631559e-16];
